      1
      0.738578
    
    
      2
      0.626418
    
    
      3
      0.554873
    
    
      4
      0.586975
    
    
      5
      0.449991
    
    
      6
      0.641677
    
    
      7
      0.523447
    
    
      8
      0.560630
    
    
      9
      0.558224
    
    
      10
      0.497045
    
    
      11
      0.675405
    
    
      12
      0.470197
    
    
      13
      0.547368
    
    
      14
      0.517150
    
    
      15
      0.505719
    
    
      16
      0.517843
    
    
      17
      0.479650
    
    
      18
      0.480800
    
    
      19
      0.481467
    
    
      20
      0.539424
    
    
      21
      0.534285
    
    
      22
      0.476451
    
    
      23
      0.437500
    
    
      24
      0.436378
    
    
      25
      0.657830
    
    
      26
      0.412561
    
    
      27
      0.554303
    
    
      28
      0.516861
    
    
      29
      0.485377
    
    
      30
      0.476569
    
    
      31
      0.716832
    
    
      32
      0.463856
    
    
      33
      0.500422
    
    
      34
      0.532594
    
    
      35
      0.490605
    
    
      36
      0.456326
    
    
      37
      0.639104
    
    
      38
      0.553051
    
    
      39
      0.469842
    
    
      40
      0.715174
    
    
      41
      0.489171
    
    
      42
      0.549610
    
    
      43
      0.579885
    
    
      44
      0.521774
    
    
      45
      0.488936
    
    
      46
      0.543999
    
    
      47
      0.443502
    
    
      48
      0.530108
    
    
      49
      0.550195
    
    
      50
      0.552505
    
    
      51
      0.447061
    
    
      52
      0.507964
    
    
      53
      0.540660
    
    
      54
      0.463578
    
    
      55
      0.466089
    
    
      56
      0.628081
    
    
      57
      0.393439
    
    
      58
      0.592173
    
    
      59
      0.518403
    
    
      60
      0.551366
    
    
      61
      0.409349
    
    
      62
      0.512077
    
    
      63
      0.441048
    
    
      64
      0.497367
    
    
      65
      0.530569
    
    
      66
      0.441389
    
    
      67
      0.416816
    
    
      68
      0.386442
    
    
      69
      0.423073
    
    
      70
      0.561686
    
    
      71
      0.423019
    
    
      72
      0.453535
    
    
      73
      0.374318
    
    
      74
      0.539656
    
    
      75
      0.618228
    
    
      76
      0.361235
    
    
      77
      0.411887
    
    
      78
      0.554934
    
    
      79
      0.493179
    
    
      80
      0.403914
    
    
      81
      0.447441
    
    
      82
      0.420714
    
    
      83
      0.611169
    
    
      84
      0.415612
    
    
      85
      0.440656
    
    
      86
      0.443563
    
    
      87
      0.356717
    
    
      88
      0.335440
    
    
      89
      0.403771
    
    
      90
      0.361617
    
    
      91
      0.557335
    
    
      92
      0.517294
    
    
      93
      0.518985
    
    
      94
      0.390335
    
    
      95
      0.377883
    
    
      96
      0.455328
    
    
      97
      0.309600
    
    
      98
      0.478916
    
    
      99
      0.486106
    
    
      100
      0.497541
    
    
      101
      0.437932
    
    
      102
      0.570465
    
    
      103
      0.340295
    
    
      104
      0.432173
    
    
      105
      0.567797
    
    
      106
      0.354014
    
    
      107
      0.388888
    
    
      108
      0.326843
    
    
      109
      0.344120
    
    
      110
      0.466595
    
    
      111
      0.302403
    
    
      112
      0.396176
    
    
      113
      0.477072
    
    
      114
      0.286971
    
    
      115
      0.356917
    
    
      116
      0.423919
    
    
      117
      0.411975
    
    
      118
      0.455942
    
    
      119
      0.428976
    
    
      120
      0.336439
    
    
      121
      0.368531
    
    
      122
      0.397456
    
    
      123
      0.340185
    
    
      124
      0.572447
    
    
      125
      0.308222
    
    
      126
      0.305076
    
    
      127
      0.370433
    
    
      128
      0.443776
    
    
      129
      0.354323
    
    
      130
      0.401072
    
    
      131
      0.413988
    
    
      132
      0.440679
    
    
      133
      0.336217
    
    
      134
      0.353810
    
    
      135
      0.423121
    
    
      136
      0.441834
    
    
      137
      0.280446
    
    
      138
      0.386793
    
    
      139
      0.330495
    
    
      140
      0.324317
    
    
      141
      0.314841
    
    
      142
      0.382957
    
    
      143
      0.422735
    
    
      144
      0.362820
    
    
      145
      0.304197
    
    
      146
      0.325603
    
    
      147
      0.462650
    
    
      148
      0.303100
    
    
      149
      0.366314
    
    
      150
      0.337685
    
    
      151
      0.406627
    
    
      152
      0.426352
    
    
      153
      0.441931
    
    
      154
      0.429219
    
    
      155
      0.381288
    
    
      156
      0.302881
    
    
      157
      0.515170
    
    
      158
      0.419431
    
    
      159
      0.257390
    
    
      160
      0.328550
    
    
      161
      0.491532
    
    
      162
      0.270340
    
    
      163
      0.518182
    
    
      164
      0.332408
    
    
      165
      0.441417
    
    
      166
      0.314254
    
    
      167
      0.533629
    
    
      168
      0.376201
    
    
      169
      0.399003
    
    
      170
      0.315649
    
    
      171
      0.376627
    
    
      172
      0.273467
    
    
      173
      0.393820
    
    
      174
      0.364879
    
    
      175
      0.340248
    
    
      176
      0.373926
    
    
      177
      0.407377
    
    
      178
      0.355231
    
    
      179
      0.415322
    
    
      180
      0.398471
    
    
      181
      0.380779
    
    
      182
      0.343049
    
    
      183
      0.323437
    
    
      184
      0.367273
    
    
      185
      0.343901
    
    
      186
      0.338464
    
    
      187
      0.317229
    
    
      188
      0.395387
    
    
      189
      0.297210
    
    
      190
      0.365535
    
    
      191
      0.366381
    
    
      192
      0.384645
    
    
      193
      0.236888
    
    
      194
      0.474213
    
    
      195
      0.344746
    
    
      196
      0.467072
    
    
      197
      0.358028
    
    
      198
      0.356968
    
    
      199
      0.375042
    
    
      200
      0.453248
    
    
      201
      0.346685
    
    
      202
      0.352214
    
    
      203
      0.325007
    
    
      204
      0.309843
    
    
      205
      0.389307
    
    
      206
      0.408830
    
    
      207
      0.303805
    
    
      208
      0.488250
    
    
      209
      0.444718
    
    
      210
      0.342250
    
    
      211
      0.346053
    
    
      212
      0.457333
    
    
      213
      0.327385
    
    
      214
      0.248203
    
    
      215
      0.346051
    
    
      216
      0.308146
    
    
      217
      0.474334
    
    
      218
      0.294380
    
    
      219
      0.414776
    
    
      220
      0.332452
    
    
      221
      0.385162
    
    
      222
      0.412650
    
    
      223
      0.319454
    
    
      224
      0.329526
    
    
      225
      0.337002
    
    
      226
      0.318671
    
    
      227
      0.369262
    
    
      228
      0.271170
    
    
      229
      0.336566
    
    
      230
      0.328719
    
    
      231
      0.244110
    
    
      232
      0.429724
    
    
      233
      0.341422
    
    
      234
      0.301273
    
    
      235
      0.339545
    
    
      236
      0.392201
    
    
      237
      0.353026
    
    
      238
      0.447827
    
    
      239
      0.333065
    
    
      240
      0.392402
    
    
      241
      0.306895
    
    
      242
      0.315386
    
    
      243
      0.483618
    
    
      244
      0.448278
    
    
      245
      0.469603
    
    
      246
      0.342020
    
    
      247
      0.364422
    
    
      248
      0.389296
    
    
      249
      0.331293
    
    
      250
      0.296288
    
    
      251
      0.570971
    
    
      252
      0.443129
    
    
      253
      0.594584
    
    
      254
      0.372545
    
    
      255
      0.335999
    
    
      256
      0.292019
    
    
      257
      0.420470
    
    
      258
      0.325663
    
    
      259
      0.280985
    
    
      260
      0.318652
    
    
      261
      0.331443
    
    
      262
      0.267105
    
    
      263
      0.300183
    
    
      264
      0.275120
    
    
      265
      0.327497
    
    
      266
      0.314286
    
    
      267
      0.367554
    
    
      268
      0.466592
    
    
      269
      0.410223
    
    
      270
      0.277649
    
    
      271
      0.375495
    
    
      272
      0.490437
    
    
      273
      0.375328
    
    
      274
      0.399686
    
    
      275
      0.367899
    
    
      276
      0.467455
    
    
      277
      0.355640
    
    
      278
      0.355451
    
    
      279
      0.333659
    
    
      280
      0.374166
    
    
      281
      0.286698
    
    
      282
      0.442930
    
    
      283
      0.271569
    
    
      284
      0.448433
    
    
      285
      0.292054
    
    
      286
      0.384275
    
    
      287
      0.350391
    
    
      288
      0.328149
    
    
      289
      0.318414
    
    
      290
      0.284257
    
    
      291
      0.284767
    
    
      292
      0.334360
    
    
      293
      0.307101
    
    
      294
      0.379167
    
    
      295
      0.269440
    
    
      296
      0.337163
    
    
      297
      0.480245
    
    
      298
      0.504218
    
    
      299
      0.268193
    
    
      300
      0.418923
    
    
      301
      0.351738
    
    
      302
      0.220305
    
    
      303
      0.403960
    
    
      304
      0.328698
    
    
      305
      0.410559
    
    
      306
      0.248878
    
    
      307
      0.359277
    
    
      308
      0.426852
    
    
      309
      0.264272
    
    
      310
      0.328010
    
    
      311
      0.271631
    
    
      312
      0.279795
    
    
      313
      0.255417
    
    
      314
      0.332558
    
    
      315
      0.396523
    
    
      316
      0.291233
    
    
      317
      0.293409
    
    
      318
      0.253359
    
    
      319
      0.283401
    
    
      320
      0.401461
    
    
      321
      0.284205
    
    
      322
      0.416997
    
    
      323
      0.375426
    
    
      324
      0.456964
    
    
      325
      0.290421
    
    
      326
      0.368180
    
    
      327
      0.358283
    
    
      328
      0.315116
    
    
      329
      0.318854
    
    
      330
      0.432006
    
    
      331
      0.508326
    
    
      332
      0.330473
    
    
      333
      0.345976
    
    
      334
      0.376643
    
    
      335
      0.282303
    
    
      336
      0.247513
    
    
      337
      0.325149
    
    
      338
      0.381362
    
    
      339
      0.420278
    
    
      340
      0.312675
    
    
      341
      0.366757
    
    
      342
      0.233413
    
    
      343
      0.318634
    
    
      344
      0.394245
    
    
      345
      0.371971
    
    
      346
      0.309968
    
    
      347
      0.324422
    
    
      348
      0.455142
    
    
      349
      0.290122
    
    
      350
      0.302962
    
    
      351
      0.287372
    
    
      352
      0.404991
    
    
      353
      0.312106
    
    
      354
      0.317311
    
    
      355
      0.358366
    
    
      356
      0.410365
    
    
      357
      0.363924
    
    
      358
      0.363568
    
    
      359
      0.260762
    
    
      360
      0.312530
    
    
      361
      0.243982
    
    
      362
      0.359760
    
    
      363
      0.307072
    
    
      364
      0.351104
    
    
      365
      0.436292
    
    
      366
      0.389562
    
    
      367
      0.341787
    
    
      368
      0.271571
    
    
      369
      0.334915
    
    
      370
      0.359997
    
    
      371
      0.356062
    
    
      372
      0.322802
    
    
      373
      0.323157
    
    
      374
      0.233902
    
    
      375
      0.336903
    
    
      376
      0.334257
    
    
      377
      0.343593
    
    
      378
      0.206911
    
    
      379
      0.394445
    
    
      380
      0.290210
    
    
      381
      0.366367
    
    
      382
      0.296838
    
    
      383
      0.274620
    
    
      384
      0.338616
    
    
      385
      0.363550
    
    
      386
      0.303624
    
    
      387
      0.343090
    
    
      388
      0.248925
    
    
      389
      0.388517
    
    
      390
      0.383726
    
    
      391
      0.408220
    
    
      392
      0.253114
    
    
      393
      0.353558
    
    
      394
      0.340085
    
    
      395
      0.315827
    
    
      396
      0.295715
    
    
      397
      0.345368
    
    
      398
      0.306482
    
    
      399
      0.265410
    
    
      400
      0.311874
    
    
      401
      0.438231
    
    
      402
      0.326357
    
    
      403
      0.376786
    
    
      404
      0.304363
    
    
      405
      0.322627
    
    
      406
      0.374607
    
    
      407
      0.359297
    
    
      408
      0.307268
    
    
      409
      0.408744
    
    
      410
      0.259709
    
    
      411
      0.299014
    
    
      412
      0.367446
    
    
      413
      0.350936
    
    
      414
      0.297355
    
    
      415
      0.412914
    
    
      416
      0.390415
    
    
      417
      0.272583
    
    
      418
      0.293908
    
    
      419
      0.326972
    
    
      420
      0.351843
    
    
      421
      0.353152
    
    
      422
      0.382480
    
    
      423
      0.339091
    
    
      424
      0.225627
    
    
      425
      0.364823
    
    
      426
      0.316813
    
    
      427
      0.271635
    
    
      428
      0.406009
    
    
      429
      0.270123
    
    
      430
      0.287082
    
    
      431
      0.267220
    
    
      432
      0.242848
    
    
      433
      0.308302
    
    
      434
      0.273342
    
    
      435
      0.353799
    
    
      436
      0.303490
    
    
      437
      0.295264
    
    
      438
      0.342654
    
    
      439
      0.260733
    
    
      440
      0.277740
    
    
      441
      0.348339
    
    
      442
      0.299220
    
    
      443
      0.281122
    
    
      444
      0.349465
    
    
      445
      0.333516
    
    
      446
      0.296268
    
    
      447
      0.242757
    
    
      448
      0.402727
    
    
      449
      0.380578
    
    
      450
      0.355993
    
    
      451
      0.248068
    
    
      452
      0.274779
    
    
      453
      0.289025
    
    
      454
      0.244639
    
    
      455
      0.307151
    
    
      456
      0.353551
    
    
      457
      0.278597
    
    
      458
      0.373444
    
    
      459
      0.354550
    
    
      460
      0.350590
    
    
      461
      0.307158
    
    
      462
      0.327165
    
    
      463
      0.258238
    
    
      464
      0.328003
    
    
      465
      0.258673
    
    
      466
      0.296904
    
    
      467
      0.279357
    
    
      468
      0.303872
    
    
      469
      0.374453
    
    
      470
      0.270037
    
    
      471
      0.370035
    
    
      472
      0.317714
    
    
      473
      0.380977
    
    
      474
      0.326741
    
    
      475
      0.274390
    
    
      476
      0.334063
    
    
      477
      0.302135
    
    
      478
      0.414818
    
    
      479
      0.265199
    
    
      480
      0.300231
    
    
      481
      0.255257
    
    
      482
      0.259797
    
    
      483
      0.320143
    
    
      484
      0.338068
    
    
      485
      0.293336
    
    
      486
      0.275884
    
    
      487
      0.351238
    
    
      488
      0.383933
    
    
      489
      0.375954
    
    
      490
      0.317960
    
    
      491
      0.279551
    
    
      492
      0.368660
    
    
      493
      0.273721
    
    
      494
      0.332335
    
    
      495
      0.269176
    
    
      496
      0.338956
    
    
      497
      0.276703
    
    
      498
      0.318079
    
    
      499
      0.334552
    
    
      500
      0.281032
    
    
      501
      0.348969
    
    
      502
      0.261673
    
    
      503
      0.349032
    
    
      504
      0.272605
    
    
      505
      0.317929
    
    
      506
      0.288524
    
    
      507
      0.240653
    
    
      508
      0.287669
    
    
      509
      0.394892
    
    
      510
      0.295189
    
    
      511
      0.269050
    
    
      512
      0.286996
    
    
      513
      0.316579
    
    
      514
      0.299535
    
    
      515
      0.262304
    
    
      516
      0.298446
    
    
      517
      0.289227
    
    
      518
      0.299903
    
    
      519
      0.417850
    
    
      520
      0.271139
    
    
      521
      0.221721
    
    
      522
      0.279817
    
    
      523
      0.355647
    
    
      524
      0.297591
    
    
      525
      0.282031
    
    
      526
      0.267211
    
    
      527
      0.317814
    
    
      528
      0.291835
    
    
      529
      0.299475
    
    
      530
      0.296316
    
    
      531
      0.310086
    
    
      532
      0.380808
    
    
      533
      0.342683
    
    
      534
      0.351399
    
    
      535
      0.280426
    
    
      536
      0.398512
    
    
      537
      0.276120
    
    
      538
      0.402443
    
    
      539
      0.320900
    
    
      540
      0.284836
    
    
      541
      0.292913
    
    
      542
      0.444977
    
    
      543
      0.318661
    
    
      544
      0.343374
    
    
      545
      0.333123
    
    
      546
      0.345614
    
    
      547
      0.288907
    
    
      548
      0.259306
    
    
      549
      0.348277
    
    
      550
      0.319456
    
    
      551
      0.255158
    
    
      552
      0.363054
    
    
      553
      0.377911
    
    
      554
      0.288046
    
    
      555
      0.341793
    
    
      556
      0.302981
    
    
      557
      0.295571
    
    
      558
      0.296854
    
    
      559
      0.255452
    
    
      560
      0.296618
    
    
      561
      0.314818
    
    
      562
      0.358782
    
    
      563
      0.321512
    
    
      564
      0.289351
    
    
      565
      0.246788
    
    
      566
      0.276686
    
    
      567
      0.297587
    
    
      568
      0.339848
    
    
      569
      0.315330
    
    
      570
      0.293375
    
    
      571
      0.244652
    
    
      572
      0.340970
    
    
      573
      0.255998
    
    
      574
      0.289848
    
    
      575
      0.274030
    
    
      576
      0.226981
    
    
      577
      0.307154
    
    
      578
      0.302275
    
    
      579
      0.309333
    
    
      580
      0.321170
    
    
      581
      0.264146
    
    
      582
      0.355305
    
    
      583
      0.300063
    
    
      584
      0.234334
    
    
      585
      0.348657
    
    
      586
      0.348549
    
    
      587
      0.298577
    
    
      588
      0.282338
    
    
      589
      0.306818
    
    
      590
      0.256413
    
    
      591
      0.280530
    
    
      592
      0.207845
    
    
      593
      0.284834
    
    
      594
      0.277648
    
    
      595
      0.236321
    
    
      596
      0.263966
    
    
      597
      0.248337
    
    
      598
      0.354698
    
    
      599
      0.229852
    
    
      600
      0.316947
    
    
      601
      0.283571
    
    
      602
      0.243867
    
    
      603
      0.285611
    
    
      604
      0.258926
    
    
      605
      0.314364
    
    
      606
      0.296443
    
    
      607
      0.416528
    
    
      608
      0.287482
    
    
      609
      0.318321
    
    
      610
      0.317183
    
    
      611
      0.239516
    
    
      612
      0.300149
    
    
      613
      0.275587
    
    
      614
      0.267164
    
    
      615
      0.290318
    
    
      616
      0.259300
    
    
      617
      0.283739
    
    
      618
      0.288832
    
    
      619
      0.257602
    
    
      620
      0.313886
    
    
      621
      0.351769
    
    
      622
      0.235058
    
    
      623
      0.275928
    
    
      624
      0.313779
    
    
      625
      0.238598
    
    
      626
      0.322003
    
    
      627
      0.256741
    
    
      628
      0.297235
    
    
      629
      0.309484
    
    
      630
      0.223111
    
    
      631
      0.289755
    
    
      632
      0.320838
    
    
      633
      0.289501
    
    
      634
      0.247886
    
    
      635
      0.241504
    
    
      636
      0.314372
    
    
      637
      0.321385
    
    
      638
      0.272972
    
    
      639
      0.323194
    
    
      640
      0.285040
    
    
      641
      0.274186
    
    
      642
      0.331846
    
    
      643
      0.322464
    
    
      644
      0.243158
    
    
      645
      0.271072
    
    
      646
      0.268341
    
    
      647
      0.232391
    
    
      648
      0.275976
    
    
      649
      0.282040
    
    
      650
      0.211174
    
    
      651
      0.289155
    
    
      652
      0.263498
    
    
      653
      0.268204
    
    
      654
      0.341817
    
    
      655
      0.354797
    
    
      656
      0.249788
    
    
      657
      0.291833
    
    
      658
      0.297171
    
    
      659
      0.311302
    
    
      660
      0.313601
    
    
      661
      0.329810
    
    
      662
      0.287850
    
    
      663
      0.296986
    
    
      664
      0.271935
    
    
      665
      0.249432
    
    
      666
      0.249189
    
    
      667
      0.203169
    
    
      668
      0.319389
    
    
      669
      0.263615
    
    
      670
      0.288278
    
    
      671
      0.284832
    
    
      672
      0.344853
    
    
      673
      0.219068
    
    
      674
      0.266336
    
    
      675
      0.283066
    
    
      676
      0.262294
    
    
      677
      0.257272
    
    
      678
      0.310881
    
    
      679
      0.250910
    
    
      680
      0.380313
    
    
      681
      0.256952
    
    
      682
      0.310569
    
    
      683
      0.265826
    
    
      684
      0.257140
    
    
      685
      0.336784
    
    
      686
      0.251903
    
    
      687
      0.281452
    
    
      688
      0.252692
    
    
      689
      0.283959
    
    
      690
      0.263197
    
    
      691
      0.291238
    
    
      692
      0.293006
    
    
      693
      0.219203
    
    
      694
      0.260869
    
    
      695
      0.276220
    
    
      696
      0.300273
    
    
      697
      0.296886
    
    
      698
      0.421680
    
    
      699
      0.304076
    
    
      700
      0.278251
    
    
      701
      0.268960
    
    
      702
      0.250940
    
    
      703
      0.234883
    
    
      704
      0.211038
    
    
      705
      0.308586
    
    
      706
      0.247988
    
    
      707
      0.230631
    
    
      708
      0.325660