      1
      0.211957
    
    
      2
      0.282215
    
    
      3
      0.261392
    
    
      4
      0.406314
    
    
      5
      0.199305
    
    
      6
      0.389250
    
    
      7
      0.313687
    
    
      8
      0.199830
    
    
      9
      0.275772
    
    
      10
      0.270229
    
    
      11
      0.239592
    
    
      12
      0.229027
    
    
      13
      0.278225
    
    
      14
      0.314757
    
    
      15
      0.370979
    
    
      16
      0.343852
    
    
      17
      0.214738
    
    
      18
      0.307232
    
    
      19
      0.246702
    
    
      20
      0.309304
    
    
      21
      0.271501
    
    
      22
      0.362428
    
    
      23
      0.314483
    
    
      24
      0.322584
    
    
      25
      0.315583
    
    
      26
      0.370468
    
    
      27
      0.350028
    
    
      28
      0.363578
    
    
      29
      0.303419
    
    
      30
      0.329914
    
    
      31
      0.292126
    
    
      32
      0.422510
    
    
      33
      0.299453
    
    
      34
      0.317436
    
    
      35
      0.296559
    
    
      36
      0.326125
    
    
      37
      0.326094
    
    
      38
      0.248736
    
    
      39
      0.321976
    
    
      40
      0.296645
    
    
      41
      0.348046
    
    
      42
      0.290822
    
    
      43
      0.259188
    
    
      44
      0.314132
    
    
      45
      0.370346
    
    
      46
      0.332128
    
    
      47
      0.270810
    
    
      48
      0.303787
    
    
      49
      0.215478
    
    
      50
      0.339211
    
    
      51
      0.308928
    
    
      52
      0.248724
    
    
      53
      0.356142
    
    
      54
      0.229803
    
    
      55
      0.298764
    
    
      56
      0.249247
    
    
      57
      0.356863
    
    
      58
      0.341355
    
    
      59
      0.344181
    
    
      60
      0.380983
    
    
      61
      0.260559
    
    
      62
      0.297702
    
    
      63
      0.278812
    
    
      64
      0.321489
    
    
      65
      0.255050
    
    
      66
      0.215641
    
    
      67
      0.297887
    
    
      68
      0.244310
    
    
      69
      0.261882
    
    
      70
      0.280824
    
    
      71
      0.285273
    
    
      72
      0.298045
    
    
      73
      0.413122
    
    
      74
      0.345875
    
    
      75
      0.270378
    
    
      76
      0.333330
    
    
      77
      0.332424
    
    
      78
      0.366036
    
    
      79
      0.323349
    
    
      80
      0.339254
    
    
      81
      0.268999
    
    
      82
      0.302017
    
    
      83
      0.319946
    
    
      84
      0.318354
    
    
      85
      0.410485
    
    
      86
      0.238097
    
    
      87
      0.238861
    
    
      88
      0.264299
    
    
      89
      0.238423
    
    
      90
      0.207012
    
    
      91
      0.218112
    
    
      92
      0.231834
    
    
      93
      0.244522
    
    
      94
      0.232164
    
    
      95
      0.293066
    
    
      96
      0.243193
    
    
      97
      0.288465
    
    
      98
      0.258740
    
    
      99
      0.273219
    
    
      100
      0.344976
    
    
      101
      0.309982
    
    
      102
      0.435333
    
    
      103
      0.339827
    
    
      104
      0.249563
    
    
      105
      0.204209
    
    
      106
      0.216041
    
    
      107
      0.329515
    
    
      108
      0.331664
    
    
      109
      0.328855
    
    
      110
      0.245031
    
    
      111
      0.279269
    
    
      112
      0.255216
    
    
      113
      0.352184
    
    
      114
      0.278306
    
    
      115
      0.294197
    
    
      116
      0.308630
    
    
      117
      0.337215
    
    
      118
      0.315917
    
    
      119
      0.330932
    
    
      120
      0.248703
    
    
      121
      0.283415
    
    
      122
      0.285885
    
    
      123
      0.332928
    
    
      124
      0.302687
    
    
      125
      0.246143
    
    
      126
      0.285680
    
    
      127
      0.357117
    
    
      128
      0.286146
    
    
      129
      0.223854
    
    
      130
      0.316448
    
    
      131
      0.287264
    
    
      132
      0.329349
    
    
      133
      0.285420
    
    
      134
      0.244741
    
    
      135
      0.258106
    
    
      136
      0.312482
    
    
      137
      0.314940
    
    
      138
      0.181941
    
    
      139
      0.216576
    
    
      140
      0.233278
    
    
      141
      0.227347
    
    
      142
      0.348490
    
    
      143
      0.340763
    
    
      144
      0.424971
    
    
      145
      0.344487
    
    
      146
      0.378291
    
    
      147
      0.268263
    
    
      148
      0.311582
    
    
      149
      0.271447
    
    
      150
      0.335821
    
    
      151
      0.272964
    
    
      152
      0.271271
    
    
      153
      0.301428
    
    
      154
      0.222811
    
    
      155
      0.257878
    
    
      156
      0.249579
    
    
      157
      0.275822
    
    
      158
      0.348904
    
    
      159
      0.352723
    
    
      160
      0.216053
    
    
      161
      0.209880
    
    
      162
      0.345560
    
    
      163
      0.242366
    
    
      164
      0.288799
    
    
      165
      0.349351
    
    
      166
      0.227434
    
    
      167
      0.270580
    
    
      168
      0.248175
    
    
      169
      0.269351
    
    
      170
      0.224804
    
    
      171
      0.404289
    
    
      172
      0.271952
    
    
      173
      0.223728
    
    
      174
      0.385282
    
    
      175
      0.251320
    
    
      176
      0.217637
    
    
      177
      0.228025
    
    
      178
      0.295626
    
    
      179
      0.309197
    
    
      180
      0.469077
    
    
      181
      0.197895
    
    
      182
      0.268101
    
    
      183
      0.321193
    
    
      184
      0.346205
    
    
      185
      0.262924
    
    
      186
      0.333317
    
    
      187
      0.263557
    
    
      188
      0.271493
    
    
      189
      0.278268
    
    
      190
      0.257511
    
    
      191
      0.193895
    
    
      192
      0.308430
    
    
      193
      0.296141
    
    
      194
      0.224206
    
    
      195
      0.260707
    
    
      196
      0.340530
    
    
      197
      0.260773
    
    
      198
      0.277376
    
    
      199
      0.292170
    
    
      200
      0.214263
    
    
      201
      0.241606
    
    
      202
      0.215693
    
    
      203
      0.219180
    
    
      204
      0.293720
    
    
      205
      0.299131
    
    
      206
      0.254569
    
    
      207
      0.330516
    
    
      208
      0.315589
    
    
      209
      0.296858
    
    
      210
      0.306201
    
    
      211
      0.312429
    
    
      212
      0.321192
    
    
      213
      0.287407
    
    
      214
      0.366104
    
    
      215
      0.305434
    
    
      216
      0.280090
    
    
      217
      0.232454
    
    
      218
      0.287304
    
    
      219
      0.301448
    
    
      220
      0.324761
    
    
      221
      0.287311
    
    
      222
      0.244581
    
    
      223
      0.259327
    
    
      224
      0.295504
    
    
      225
      0.310490
    
    
      226
      0.277790
    
    
      227
      0.308059
    
    
      228
      0.362288
    
    
      229
      0.364843
    
    
      230
      0.279932
    
    
      231
      0.304277
    
    
      232
      0.241208
    
    
      233
      0.208444
    
    
      234
      0.329376
    
    
      235
      0.245464
    
    
      236
      0.214081
    
    
      237
      0.215422
    
    
      238
      0.298947
    
    
      239
      0.293284
    
    
      240
      0.347071
    
    
      241
      0.309578
    
    
      242
      0.231236
    
    
      243
      0.250378
    
    
      244
      0.276988
    
    
      245
      0.284819
    
    
      246
      0.204318
    
    
      247
      0.248925
    
    
      248
      0.313157
    
    
      249
      0.182758
    
    
      250
      0.238914
    
    
      251
      0.242759
    
    
      252
      0.209340
    
    
      253
      0.274670
    
    
      254
      0.230381
    
    
      255
      0.297392
    
    
      256
      0.293705
    
    
      257
      0.256411
    
    
      258
      0.290901
    
    
      259
      0.354336
    
    
      260
      0.288244
    
    
      261
      0.338658
    
    
      262
      0.337934
    
    
      263
      0.363635
    
    
      264
      0.241282
    
    
      265
      0.370202
    
    
      266
      0.264870
    
    
      267
      0.387543
    
    
      268
      0.295527
    
    
      269
      0.255180
    
    
      270
      0.280963
    
    
      271
      0.253843
    
    
      272
      0.277627
    
    
      273
      0.362592
    
    
      274
      0.385485
    
    
      275
      0.269078
    
    
      276
      0.271720
    
    
      277
      0.355914
    
    
      278
      0.350658
    
    
      279
      0.314038
    
    
      280
      0.308449
    
    
      281
      0.377917
    
    
      282
      0.208159
    
    
      283
      0.409327
    
    
      284
      0.328182
    
    
      285
      0.232749
    
    
      286
      0.192961
    
    
      287
      0.317562
    
    
      288
      0.231168
    
    
      289
      0.297294
    
    
      290
      0.246936
    
    
      291
      0.297743
    
    
      292
      0.319829
    
    
      293
      0.302066
    
    
      294
      0.294919
    
    
      295
      0.257594
    
    
      296
      0.266818
    
    
      297
      0.235480
    
    
      298
      0.317459
    
    
      299
      0.269639
    
    
      300
      0.298757
    
    
      301
      0.273639
    
    
      302
      0.251688
    
    
      303
      0.377528
    
    
      304
      0.231902
    
    
      305
      0.312064
    
    
      306
      0.264797
    
    
      307
      0.373814
    
    
      308
      0.234767
    
    
      309
      0.350366
    
    
      310
      0.290340
    
    
      311
      0.217076
    
    
      312
      0.252423
    
    
      313
      0.347689
    
    
      314
      0.219259
    
    
      315
      0.257357
    
    
      316
      0.249749
    
    
      317
      0.400646
    
    
      318
      0.204427
    
    
      319
      0.204430
    
    
      320
      0.239363
    
    
      321
      0.270129
    
    
      322
      0.357791
    
    
      323
      0.304847
    
    
      324
      0.295777
    
    
      325
      0.367100
    
    
      326
      0.215791
    
    
      327
      0.369306
    
    
      328
      0.277511
    
    
      329
      0.230201
    
    
      330
      0.395278
    
    
      331
      0.256203
    
    
      332
      0.242645
    
    
      333
      0.265013
    
    
      334
      0.217154
    
    
      335
      0.355632
    
    
      336
      0.251146
    
    
      337
      0.289875
    
    
      338
      0.450154
    
    
      339
      0.290926
    
    
      340
      0.221509
    
    
      341
      0.194336
    
    
      342
      0.302503
    
    
      343
      0.219407
    
    
      344
      0.238532
    
    
      345
      0.290578
    
    
      346
      0.327212
    
    
      347
      0.366805
    
    
      348
      0.305330
    
    
      349
      0.260811
    
    
      350
      0.223017
    
    
      351
      0.255918
    
    
      352
      0.294222
    
    
      353
      0.276581
    
    
      354
      0.309982
    
    
      355
      0.280555
    
    
      356
      0.235194
    
    
      357
      0.392652
    
    
      358
      0.351968
    
    
      359
      0.247653
    
    
      360
      0.333334
    
    
      361
      0.344490
    
    
      362
      0.259293
    
    
      363
      0.254201
    
    
      364
      0.323194
    
    
      365
      0.227345
    
    
      366
      0.263363
    
    
      367
      0.431341
    
    
      368
      0.376935
    
    
      369
      0.268619
    
    
      370
      0.335073
    
    
      371
      0.285104
    
    
      372
      0.261101
    
    
      373
      0.376778
    
    
      374
      0.241732
    
    
      375
      0.238042
    
    
      376
      0.312726
    
    
      377
      0.227509
    
    
      378
      0.304260
    
    
      379
      0.260187
    
    
      380
      0.307521
    
    
      381
      0.282895
    
    
      382
      0.242484
    
    
      383
      0.210449
    
    
      384
      0.311478
    
    
      385
      0.276595
    
    
      386
      0.300496
    
    
      387
      0.305099
    
    
      388
      0.230932
    
    
      389
      0.235944
    
    
      390
      0.323729
    
    
      391
      0.388462
    
    
      392
      0.391537
    
    
      393
      0.316248
    
    
      394
      0.229088
    
    
      395
      0.261540
    
    
      396
      0.357124
    
    
      397
      0.298012
    
    
      398
      0.208443
    
    
      399
      0.199365
    
    
      400
      0.229242
    
    
      401
      0.305542
    
    
      402
      0.238762
    
    
      403
      0.365532
    
    
      404
      0.189296
    
    
      405
      0.276670
    
    
      406
      0.290010
    
    
      407
      0.294134
    
    
      408
      0.263736
    
    
      409
      0.236086
    
    
      410
      0.307344
    
    
      411
      0.400773
    
    
      412
      0.300003
    
    
      413
      0.367502
    
    
      414
      0.265336
    
    
      415
      0.352514
    
    
      416
      0.222223
    
    
      417
      0.403429
    
    
      418
      0.310742
    
    
      419
      0.254225
    
    
      420
      0.259978
    
    
      421
      0.378969
    
    
      422
      0.230359
    
    
      423
      0.306946
    
    
      424
      0.350317
    
    
      425
      0.271240
    
    
      426
      0.271560
    
    
      427
      0.348474
    
    
      428
      0.260914
    
    
      429
      0.276017
    
    
      430
      0.300056
    
    
      431
      0.262849
    
    
      432
      0.247333
    
    
      433
      0.261267
    
    
      434
      0.241095
    
    
      435
      0.340402
    
    
      436
      0.333759
    
    
      437
      0.240720
    
    
      438
      0.204361
    
    
      439
      0.255628
    
    
      440
      0.354777
    
    
      441
      0.299363
    
    
      442
      0.266283
    
    
      443
      0.304643
    
    
      444
      0.232987
    
    
      445
      0.204619
    
    
      446
      0.286063
    
    
      447
      0.262503
    
    
      448
      0.391279
    
    
      449
      0.232303
    
    
      450
      0.259584
    
    
      451
      0.346535
    
    
      452
      0.248553
    
    
      453
      0.345016
    
    
      454
      0.282795
    
    
      455
      0.222301
    
    
      456
      0.232845
    
    
      457
      0.330788
    
    
      458
      0.181765
    
    
      459
      0.279656
    
    
      460
      0.298426
    
    
      461
      0.254374
    
    
      462
      0.347293
    
    
      463
      0.241448
    
    
      464
      0.330558
    
    
      465
      0.246643
    
    
      466
      0.328496
    
    
      467
      0.223599
    
    
      468
      0.216831
    
    
      469
      0.284472
    
    
      470
      0.271564
    
    
      471
      0.372641
    
    
      472
      0.281842
    
    
      473
      0.278755
    
    
      474
      0.469703
    
    
      475
      0.265545
    
    
      476
      0.271229
    
    
      477
      0.217002
    
    
      478
      0.320784
    
    
      479
      0.272904
    
    
      480
      0.267746
    
    
      481
      0.251561
    
    
      482
      0.365441
    
    
      483
      0.239519
    
    
      484
      0.351698
    
    
      485
      0.288717
    
    
      486
      0.297028
    
    
      487
      0.341172
    
    
      488
      0.242986
    
    
      489
      0.235667
    
    
      490
      0.311421