      1
      0.573178
    
    
      2
      0.661852
    
    
      3
      0.580325
    
    
      4
      0.770197
    
    
      5
      0.565778
    
    
      6
      0.688993
    
    
      7
      0.852302
    
    
      8
      0.616508
    
    
      9
      0.584225
    
    
      10
      0.599252
    
    
      11
      0.560170
    
    
      12
      0.633647
    
    
      13
      0.761053
    
    
      14
      0.642986
    
    
      15
      0.640681
    
    
      16
      0.764870
    
    
      17
      0.734668
    
    
      18
      0.912844
    
    
      19
      0.663623
    
    
      20
      0.597962
    
    
      21
      0.557367
    
    
      22
      0.739212
    
    
      23
      0.626841
    
    
      24
      0.647893
    
    
      25
      0.498385
    
    
      26
      0.741373
    
    
      27
      0.846320
    
    
      28
      0.692161
    
    
      29
      0.764478
    
    
      30
      0.552638
    
    
      31
      0.539830
    
    
      32
      0.697369
    
    
      33
      0.629181
    
    
      34
      0.622005
    
    
      35
      0.544755
    
    
      36
      0.617663
    
    
      37
      0.746797
    
    
      38
      0.806275
    
    
      39
      0.624958
    
    
      40
      0.625316
    
    
      41
      0.442679
    
    
      42
      0.680126
    
    
      43
      0.668061
    
    
      44
      0.633859
    
    
      45
      0.930670
    
    
      46
      0.623269
    
    
      47
      0.591130
    
    
      48
      0.651398
    
    
      49
      0.640366
    
    
      50
      0.636498
    
    
      51
      0.671157
    
    
      52
      0.745271
    
    
      53
      0.636344
    
    
      54
      0.710208
    
    
      55
      0.649610
    
    
      56
      0.566619
    
    
      57
      0.506589
    
    
      58
      0.567870
    
    
      59
      0.598434
    
    
      60
      0.626182
    
    
      61
      0.620329
    
    
      62
      0.543337
    
    
      63
      0.676659
    
    
      64
      0.782209
    
    
      65
      0.596901
    
    
      66
      0.694511
    
    
      67
      0.654821
    
    
      68
      0.881584
    
    
      69
      0.539862
    
    
      70
      0.643454
    
    
      71
      0.516693
    
    
      72
      0.770359
    
    
      73
      0.829713
    
    
      74
      0.734754
    
    
      75
      0.542228
    
    
      76
      0.660932
    
    
      77
      0.585307
    
    
      78
      0.634748
    
    
      79
      0.464315
    
    
      80
      0.638862
    
    
      81
      0.663767
    
    
      82
      0.739208
    
    
      83
      0.691059
    
    
      84
      0.540708
    
    
      85
      0.598053
    
    
      86
      0.690812
    
    
      87
      0.646830
    
    
      88
      0.528572
    
    
      89
      0.652684
    
    
      90
      0.636538
    
    
      91
      0.566649
    
    
      92
      0.606419
    
    
      93
      0.683872
    
    
      94
      0.607337
    
    
      95
      0.600603
    
    
      96
      0.583698
    
    
      97
      0.559911
    
    
      98
      0.570608
    
    
      99
      0.607455
    
    
      100
      0.645425
    
    
      101
      0.575166
    
    
      102
      0.532457
    
    
      103
      0.537113
    
    
      104
      0.627280
    
    
      105
      0.589135
    
    
      106
      0.572088
    
    
      107
      0.604693
    
    
      108
      0.540008
    
    
      109
      0.547651
    
    
      110
      0.478868
    
    
      111
      0.514609
    
    
      112
      0.700203
    
    
      113
      0.545476
    
    
      114
      0.477124
    
    
      115
      0.427124
    
    
      116
      0.624501
    
    
      117
      0.593068
    
    
      118
      0.661628
    
    
      119
      0.764308
    
    
      120
      0.554970
    
    
      121
      0.681312
    
    
      122
      0.490561
    
    
      123
      0.574824
    
    
      124
      0.527228
    
    
      125
      0.382229
    
    
      126
      0.509296
    
    
      127
      0.618604
    
    
      128
      0.517176
    
    
      129
      0.540484
    
    
      130
      0.660796
    
    
      131
      0.764517
    
    
      132
      0.457987
    
    
      133
      0.506633
    
    
      134
      0.548911
    
    
      135
      0.452155
    
    
      136
      0.539291
    
    
      137
      0.703406
    
    
      138
      0.489393
    
    
      139
      0.474504
    
    
      140
      0.571102
    
    
      141
      0.423915
    
    
      142
      0.531282
    
    
      143
      0.493750
    
    
      144
      0.581744
    
    
      145
      0.500420
    
    
      146
      0.565059
    
    
      147
      0.695112
    
    
      148
      0.597417
    
    
      149
      0.687254
    
    
      150
      0.534786
    
    
      151
      0.574671
    
    
      152
      0.493571
    
    
      153
      0.563647
    
    
      154
      0.571694
    
    
      155
      0.699717
    
    
      156
      0.591414
    
    
      157
      0.564975
    
    
      158
      0.574887
    
    
      159
      0.624866
    
    
      160
      0.524414
    
    
      161
      0.590160
    
    
      162
      0.663349
    
    
      163
      0.485773
    
    
      164
      0.685949
    
    
      165
      0.475369
    
    
      166
      0.584560
    
    
      167
      0.547540
    
    
      168
      0.447045
    
    
      169
      0.517508
    
    
      170
      0.553842
    
    
      171
      0.519580
    
    
      172
      0.588066
    
    
      173
      0.551950
    
    
      174
      0.712746
    
    
      175
      0.422434
    
    
      176
      0.585128
    
    
      177
      0.516844
    
    
      178
      0.439081
    
    
      179
      0.495407
    
    
      180
      0.586155
    
    
      181
      0.480167
    
    
      182
      0.459679
    
    
      183
      0.554183
    
    
      184
      0.514862
    
    
      185
      0.525270
    
    
      186
      0.539530
    
    
      187
      0.467497
    
    
      188
      0.521294
    
    
      189
      0.566129
    
    
      190
      0.448026
    
    
      191
      0.591674
    
    
      192
      0.671427
    
    
      193
      0.548978
    
    
      194
      0.522339
    
    
      195
      0.498936
    
    
      196
      0.540163
    
    
      197
      0.489560
    
    
      198
      0.440564
    
    
      199
      0.430344
    
    
      200
      0.492698
    
    
      201
      0.584209
    
    
      202
      0.538624
    
    
      203
      0.476700
    
    
      204
      0.494169
    
    
      205
      0.514092
    
    
      206
      0.516806
    
    
      207
      0.499885
    
    
      208
      0.434362
    
    
      209
      0.518966
    
    
      210
      0.600663
    
    
      211
      0.604095
    
    
      212
      0.511347
    
    
      213
      0.586149
    
    
      214
      0.703275
    
    
      215
      0.458444
    
    
      216
      0.446485
    
    
      217
      0.645767
    
    
      218
      0.524486
    
    
      219
      0.500546