      1
      1.512220
    
    
      2
      1.600420
    
    
      3
      1.179834
    
    
      4
      0.971393
    
    
      5
      0.830397
    
    
      6
      1.513148
    
    
      7
      0.928249
    
    
      8
      1.132244
    
    
      9
      0.923275
    
    
      10
      1.181305
    
    
      11
      1.375190
    
    
      12
      1.081451
    
    
      13
      1.685953
    
    
      14
      1.485098
    
    
      15
      1.072048
    
    
      16
      1.282665
    
    
      17
      1.087046
    
    
      18
      0.960385
    
    
      19
      1.184861
    
    
      20
      1.219040
    
    
      21
      1.193022
    
    
      22
      1.487442
    
    
      23
      1.189419
    
    
      24
      0.799649
    
    
      25
      1.251135
    
    
      26
      1.301948
    
    
      27
      0.980974
    
    
      28
      1.146366
    
    
      29
      1.140809
    
    
      30
      1.073008
    
    
      31
      1.004545
    
    
      32
      1.246052
    
    
      33
      1.180653
    
    
      34
      1.459626
    
    
      35
      1.758899
    
    
      36
      1.342002
    
    
      37
      1.006967
    
    
      38
      1.158080
    
    
      39
      1.259648
    
    
      40
      1.399481
    
    
      41
      0.895680
    
    
      42
      1.381924
    
    
      43
      0.936337
    
    
      44
      0.960211
    
    
      45
      1.537537
    
    
      46
      0.955333
    
    
      47
      1.071866
    
    
      48
      1.362528
    
    
      49
      1.100177
    
    
      50
      1.034887
    
    
      51
      1.322322
    
    
      52
      0.979986
    
    
      53
      1.371264
    
    
      54
      1.446181
    
    
      55
      1.090756
    
    
      56
      1.069738
    
    
      57
      1.312242
    
    
      58
      1.382673
    
    
      59
      1.201486
    
    
      60
      1.273703
    
    
      61
      1.043381
    
    
      62
      0.955720
    
    
      63
      1.505357
    
    
      64
      1.017148
    
    
      65
      0.926116
    
    
      66
      0.883187
    
    
      67
      1.225173
    
    
      68
      1.047760
    
    
      69
      1.013574
    
    
      70
      0.846676
    
    
      71
      1.555365
    
    
      72
      1.121205
    
    
      73
      1.293910
    
    
      74
      1.213056
    
    
      75
      1.298470
    
    
      76
      1.334390
    
    
      77
      0.698331
    
    
      78
      0.915436
    
    
      79
      1.429729
    
    
      80
      0.975280
    
    
      81
      0.809756
    
    
      82
      0.897343
    
    
      83
      1.058879
    
    
      84
      1.115583
    
    
      85
      1.093674
    
    
      86
      1.309001
    
    
      87
      1.366805
    
    
      88
      0.894541
    
    
      89
      0.773614
    
    
      90
      0.768374
    
    
      91
      0.945586
    
    
      92
      0.826138
    
    
      93
      1.040292
    
    
      94
      1.304207
    
    
      95
      0.816222
    
    
      96
      1.298707
    
    
      97
      0.706697
    
    
      98
      1.028471
    
    
      99
      1.172469
    
    
      100
      1.104793
    
    
      101
      1.046768
    
    
      102
      0.961711
    
    
      103
      1.006709
    
    
      104
      0.771493
    
    
      105
      1.166919
    
    
      106
      0.883317
    
    
      107
      1.121927
    
    
      108
      0.979458
    
    
      109
      0.898324
    
    
      110
      1.016300
    
    
      111
      1.070186
    
    
      112
      0.836566
    
    
      113
      1.178390
    
    
      114
      0.645025
    
    
      115
      1.043999
    
    
      116
      0.863681
    
    
      117
      0.674074
    
    
      118
      0.913201
    
    
      119
      1.024631
    
    
      120
      1.033465
    
    
      121
      1.150690
    
    
      122
      1.033470
    
    
      123
      1.056329
    
    
      124
      0.838068
    
    
      125
      0.896831
    
    
      126
      1.128607
    
    
      127
      1.163945
    
    
      128
      0.651043
    
    
      129
      0.884055
    
    
      130
      0.856913
    
    
      131
      0.647337
    
    
      132
      0.773427
    
    
      133
      0.783903
    
    
      134
      1.049774
    
    
      135
      0.855165
    
    
      136
      0.803816
    
    
      137
      0.971732
    
    
      138
      0.918193
    
    
      139
      0.695006
    
    
      140
      0.972264
    
    
      141
      0.532378
    
    
      142
      0.902106
    
    
      143
      0.514838
    
    
      144
      0.753378
    
    
      145
      0.956538
    
    
      146
      0.724616
    
    
      147
      0.848469
    
    
      148
      0.895373
    
    
      149
      0.765811
    
    
      150
      0.660249
    
    
      151
      0.557961
    
    
      152
      0.737610
    
    
      153
      0.590349
    
    
      154
      0.534670
    
    
      155
      0.551779
    
    
      156
      0.841523
    
    
      157
      0.580941
    
    
      158
      0.664910
    
    
      159
      0.602848
    
    
      160
      0.523615
    
    
      161
      0.514753
    
    
      162
      0.626766
    
    
      163
      0.415000
    
    
      164
      0.490471
    
    
      165
      0.476566
    
    
      166
      0.552328
    
    
      167
      0.524187
    
    
      168
      0.494599
    
    
      169
      0.605412
    
    
      170
      0.479734
    
    
      171
      0.392154
    
    
      172
      0.488849
    
    
      173
      0.440695
    
    
      174
      0.518682
    
    
      175
      0.627264
    
    
      176
      0.359960
    
    
      177
      0.379070
    
    
      178
      0.355801
    
    
      179
      0.360417
    
    
      180
      0.431121
    
    
      181
      0.346627
    
    
      182
      0.413537
    
    
      183
      0.323263
    
    
      184
      0.389642
    
    
      185
      0.334739
    
    
      186
      0.393358
    
    
      187
      0.537706
    
    
      188
      0.390405
    
    
      189
      0.467364
    
    
      190
      0.384399
    
    
      191
      0.415568
    
    
      192
      0.376897
    
    
      193
      0.496822
    
    
      194
      0.342433
    
    
      195
      0.432264
    
    
      196
      0.362646
    
    
      197
      0.394729
    
    
      198
      0.324776
    
    
      199
      0.338000
    
    
      200
      0.443106
    
    
      201
      0.350653
    
    
      202
      0.478933
    
    
      203
      0.413368
    
    
      204
      0.356600
    
    
      205
      0.482875
    
    
      206
      0.385203
    
    
      207
      0.511624
    
    
      208
      0.297655
    
    
      209
      0.342582
    
    
      210
      0.236133
    
    
      211
      0.566606
    
    
      212
      0.385322
    
    
      213
      0.400354
    
    
      214
      0.366307
    
    
      215
      0.478936
    
    
      216
      0.351471
    
    
      217
      0.430451
    
    
      218
      0.325953
    
    
      219
      0.497079
    
    
      220
      0.417677
    
    
      221
      0.433441
    
    
      222
      0.434067
    
    
      223
      0.417811
    
    
      224
      0.431761
    
    
      225
      0.373618
    
    
      226
      0.448475
    
    
      227
      0.378786
    
    
      228
      0.374752
    
    
      229
      0.456353
    
    
      230
      0.454547
    
    
      231
      0.379412
    
    
      232
      0.288620
    
    
      233
      0.421161
    
    
      234
      0.500918
    
    
      235
      0.300545
    
    
      236
      0.420998
    
    
      237
      0.398260
    
    
      238
      0.302651
    
    
      239
      0.343641
    
    
      240
      0.418399
    
    
      241
      0.415269
    
    
      242
      0.487836
    
    
      243
      0.394708
    
    
      244
      0.345198
    
    
      245
      0.405550
    
    
      246
      0.403598
    
    
      247
      0.357477
    
    
      248
      0.377831
    
    
      249
      0.316112
    
    
      250
      0.345351
    
    
      251
      0.313665
    
    
      252
      0.320794
    
    
      253
      0.393622
    
    
      254
      0.276825
    
    
      255
      0.431402
    
    
      256
      0.388772
    
    
      257
      0.362845
    
    
      258
      0.371303
    
    
      259
      0.486538
    
    
      260
      0.349138
    
    
      261
      0.396100
    
    
      262
      0.259619
    
    
      263
      0.462773
    
    
      264
      0.364027
    
    
      265
      0.491554
    
    
      266
      0.383057
    
    
      267
      0.413606
    
    
      268
      0.295277
    
    
      269
      0.419483
    
    
      270
      0.379794
    
    
      271
      0.383063
    
    
      272
      0.478929
    
    
      273
      0.328347
    
    
      274
      0.356475
    
    
      275
      0.266982
    
    
      276
      0.269107
    
    
      277
      0.343929
    
    
      278
      0.377535
    
    
      279
      0.262063
    
    
      280
      0.333563
    
    
      281
      0.351286
    
    
      282
      0.333424
    
    
      283
      0.509223
    
    
      284
      0.341607
    
    
      285
      0.385244
    
    
      286
      0.408018
    
    
      287
      0.317318
    
    
      288
      0.242488
    
    
      289
      0.351594
    
    
      290
      0.316556
    
    
      291
      0.423718
    
    
      292
      0.393351
    
    
      293
      0.400325
    
    
      294
      0.316143
    
    
      295
      0.606344
    
    
      296
      0.205275
    
    
      297
      0.257645
    
    
      298
      0.400256
    
    
      299
      0.395763
    
    
      300
      0.316929
    
    
      301
      0.326468
    
    
      302
      0.306313
    
    
      303
      0.323072
    
    
      304
      0.305553
    
    
      305
      0.424700
    
    
      306
      0.475854
    
    
      307
      0.413424
    
    
      308
      0.332282
    
    
      309
      0.327905
    
    
      310
      0.354799
    
    
      311
      0.404372
    
    
      312
      0.376034
    
    
      313
      0.457005
    
    
      314
      0.315735
    
    
      315
      0.370055
    
    
      316
      0.252557
    
    
      317
      0.357639
    
    
      318
      0.392686
    
    
      319
      0.380830
    
    
      320
      0.404102
    
    
      321
      0.360903
    
    
      322
      0.262155
    
    
      323
      0.302726
    
    
      324
      0.273489
    
    
      325
      0.390006
    
    
      326
      0.252516
    
    
      327
      0.333561
    
    
      328
      0.373043
    
    
      329
      0.289200
    
    
      330
      0.342256
    
    
      331
      0.313780
    
    
      332
      0.410669
    
    
      333
      0.406817
    
    
      334
      0.215712
    
    
      335
      0.332562
    
    
      336
      0.331956
    
    
      337
      0.325428
    
    
      338
      0.314553
    
    
      339
      0.289323
    
    
      340
      0.243612
    
    
      341
      0.532212
    
    
      342
      0.422061
    
    
      343
      0.367132
    
    
      344
      0.377745
    
    
      345
      0.317350
    
    
      346
      0.361698
    
    
      347
      0.304649
    
    
      348
      0.374765
    
    
      349
      0.334087
    
    
      350
      0.379574
    
    
      351
      0.362732
    
    
      352
      0.353837
    
    
      353
      0.287417
    
    
      354
      0.357543
    
    
      355
      0.380159
    
    
      356
      0.314083
    
    
      357
      0.299027
    
    
      358
      0.286645
    
    
      359
      0.343228
    
    
      360
      0.287622
    
    
      361
      0.349942
    
    
      362
      0.221229
    
    
      363
      0.306852
    
    
      364
      0.346295
    
    
      365
      0.374104
    
    
      366
      0.365934
    
    
      367
      0.341184
    
    
      368
      0.231746
    
    
      369
      0.266568
    
    
      370
      0.362966
    
    
      371
      0.434735
    
    
      372
      0.373349
    
    
      373
      0.402289
    
    
      374
      0.329051
    
    
      375
      0.366189
    
    
      376
      0.260369
    
    
      377
      0.227577
    
    
      378
      0.398102
    
    
      379
      0.308539
    
    
      380
      0.386155
    
    
      381
      0.314520
    
    
      382
      0.352561
    
    
      383
      0.263263
    
    
      384
      0.255503
    
    
      385
      0.388099
    
    
      386
      0.360333
    
    
      387
      0.254532
    
    
      388
      0.269853
    
    
      389
      0.334258
    
    
      390
      0.361800
    
    
      391
      0.259221
    
    
      392
      0.279712
    
    
      393
      0.320345
    
    
      394
      0.328691
    
    
      395
      0.238883
    
    
      396
      0.302856
    
    
      397
      0.301727
    
    
      398
      0.347556
    
    
      399
      0.215804
    
    
      400
      0.396662
    
    
      401
      0.311998
    
    
      402
      0.255585
    
    
      403
      0.377810
    
    
      404
      0.441167
    
    
      405
      0.259307
    
    
      406
      0.278824
    
    
      407
      0.302198
    
    
      408
      0.322784
    
    
      409
      0.263191
    
    
      410
      0.264158
    
    
      411
      0.295843
    
    
      412
      0.410639
    
    
      413
      0.307344
    
    
      414
      0.346535
    
    
      415
      0.336067
    
    
      416
      0.289306
    
    
      417
      0.345087
    
    
      418
      0.329683
    
    
      419
      0.332770
    
    
      420
      0.375067
    
    
      421
      0.455364
    
    
      422
      0.447909
    
    
      423
      0.275685
    
    
      424
      0.302161
    
    
      425
      0.298991
    
    
      426
      0.235477
    
    
      427
      0.255979
    
    
      428
      0.271711
    
    
      429
      0.295292
    
    
      430
      0.298773
    
    
      431
      0.319164
    
    
      432
      0.450510
    
    
      433
      0.409169
    
    
      434
      0.282005
    
    
      435
      0.280872
    
    
      436
      0.302876
    
    
      437
      0.426866
    
    
      438
      0.221839
    
    
      439
      0.353467
    
    
      440
      0.320043
    
    
      441
      0.341274
    
    
      442
      0.336952
    
    
      443
      0.344735
    
    
      444
      0.304672
    
    
      445
      0.396644
    
    
      446
      0.306858
    
    
      447
      0.318984
    
    
      448
      0.245277
    
    
      449
      0.362880
    
    
      450
      0.326034
    
    
      451
      0.342560
    
    
      452
      0.284264
    
    
      453
      0.430895
    
    
      454
      0.251238
    
    
      455
      0.310033
    
    
      456
      0.394394
    
    
      457
      0.277835
    
    
      458
      0.279141
    
    
      459
      0.334200
    
    
      460
      0.230920
    
    
      461
      0.426560
    
    
      462
      0.295497
    
    
      463
      0.379353
    
    
      464
      0.298633
    
    
      465
      0.268452
    
    
      466
      0.286632
    
    
      467
      0.291263
    
    
      468
      0.332069
    
    
      469
      0.264134
    
    
      470
      0.273644
    
    
      471
      0.490587
    
    
      472
      0.250815
    
    
      473
      0.293222
    
    
      474
      0.341132
    
    
      475
      0.327885
    
    
      476
      0.237005
    
    
      477
      0.310264
    
    
      478
      0.294698
    
    
      479
      0.267671
    
    
      480
      0.302705
    
    
      481
      0.452105
    
    
      482
      0.338482
    
    
      483
      0.233468
    
    
      484
      0.312008
    
    
      485
      0.274066
    
    
      486
      0.355233
    
    
      487
      0.463498
    
    
      488
      0.408812
    
    
      489
      0.266256
    
    
      490
      0.289067
    
    
      491
      0.320101
    
    
      492
      0.326388
    
    
      493
      0.254197
    
    
      494
      0.223281
    
    
      495
      0.347594
    
    
      496
      0.353089
    
    
      497
      0.270962
    
    
      498
      0.378655
    
    
      499
      0.266882
    
    
      500
      0.306352
    
    
      501
      0.461053
    
    
      502
      0.335331
    
    
      503
      0.264880
    
    
      504
      0.249019
    
    
      505
      0.475135
    
    
      506
      0.249659
    
    
      507
      0.394950
    
    
      508
      0.253653
    
    
      509
      0.295004
    
    
      510
      0.338041
    
    
      511
      0.295869
    
    
      512
      0.284250
    
    
      513
      0.304775
    
    
      514
      0.326354
    
    
      515
      0.248601
    
    
      516
      0.379546
    
    
      517
      0.297003
    
    
      518
      0.329708
    
    
      519
      0.337358
    
    
      520
      0.301636
    
    
      521
      0.226641
    
    
      522
      0.297740
    
    
      523
      0.248820
    
    
      524
      0.366862
    
    
      525
      0.375753
    
    
      526
      0.290494
    
    
      527
      0.272120
    
    
      528
      0.269214
    
    
      529
      0.274191
    
    
      530
      0.336118
    
    
      531
      0.292733
    
    
      532
      0.289899
    
    
      533
      0.232039
    
    
      534
      0.329687
    
    
      535
      0.303206
    
    
      536
      0.285563
    
    
      537
      0.254998
    
    
      538
      0.311991
    
    
      539
      0.349017
    
    
      540
      0.316695
    
    
      541
      0.298027
    
    
      542
      0.307452
    
    
      543
      0.300139
    
    
      544
      0.372709
    
    
      545
      0.322729
    
    
      546
      0.391200
    
    
      547
      0.445306
    
    
      548
      0.360693
    
    
      549
      0.363604
    
    
      550
      0.214385
    
    
      551
      0.342137
    
    
      552
      0.332405
    
    
      553
      0.432458
    
    
      554
      0.301586
    
    
      555
      0.246930
    
    
      556
      0.356329
    
    
      557
      0.384874
    
    
      558
      0.301246
    
    
      559
      0.384041
    
    
      560
      0.306334
    
    
      561
      0.361710
    
    
      562
      0.235124
    
    
      563
      0.301114
    
    
      564
      0.286937
    
    
      565
      0.357697
    
    
      566
      0.283690
    
    
      567
      0.246271
    
    
      568
      0.237978
    
    
      569
      0.334773
    
    
      570
      0.191063
    
    
      571
      0.238045
    
    
      572
      0.277287
    
    
      573
      0.224960
    
    
      574
      0.290501
    
    
      575
      0.238046
    
    
      576
      0.349827
    
    
      577
      0.259383
    
    
      578
      0.243227
    
    
      579
      0.430048
    
    
      580
      0.308973
    
    
      581
      0.290258
    
    
      582
      0.302226
    
    
      583
      0.267631
    
    
      584
      0.250851
    
    
      585
      0.290982
    
    
      586
      0.214599
    
    
      587
      0.224985
    
    
      588
      0.342377
    
    
      589
      0.310415
    
    
      590
      0.236039
    
    
      591
      0.269362
    
    
      592
      0.284284
    
    
      593
      0.232405
    
    
      594
      0.266568
    
    
      595
      0.389193
    
    
      596
      0.354243
    
    
      597
      0.395513
    
    
      598
      0.279881
    
    
      599
      0.412598
    
    
      600
      0.340917
    
    
      601
      0.243203
    
    
      602
      0.266867
    
    
      603
      0.363781
    
    
      604
      0.343882
    
    
      605
      0.356309
    
    
      606
      0.268212
    
    
      607
      0.304961
    
    
      608
      0.211324
    
    
      609
      0.435144
    
    
      610
      0.236933
    
    
      611
      0.326325
    
    
      612
      0.328324
    
    
      613
      0.460953
    
    
      614
      0.306184
    
    
      615
      0.287222
    
    
      616
      0.365851
    
    
      617
      0.428302
    
    
      618
      0.276894
    
    
      619
      0.525444
    
    
      620
      0.289544
    
    
      621
      0.407840
    
    
      622
      0.295111
    
    
      623
      0.257804
    
    
      624
      0.241072
    
    
      625
      0.299466
    
    
      626
      0.281393
    
    
      627
      0.348497
    
    
      628
      0.354609
    
    
      629
      0.291117
    
    
      630
      0.323042
    
    
      631
      0.396307
    
    
      632
      0.299982
    
    
      633
      0.238311
    
    
      634
      0.281481
    
    
      635
      0.229008
    
    
      636
      0.314472
    
    
      637
      0.389540
    
    
      638
      0.395745
    
    
      639
      0.263425
    
    
      640
      0.262922
    
    
      641
      0.317857
    
    
      642
      0.348772
    
    
      643
      0.357738
    
    
      644
      0.417068
    
    
      645
      0.470913
    
    
      646
      0.241438
    
    
      647
      0.297578
    
    
      648
      0.318875
    
    
      649
      0.365107
    
    
      650
      0.284397
    
    
      651
      0.278071
    
    
      652
      0.292503
    
    
      653
      0.324979
    
    
      654
      0.367324
    
    
      655
      0.240494
    
    
      656
      0.311584
    
    
      657
      0.366123
    
    
      658
      0.360373
    
    
      659
      0.253662
    
    
      660
      0.398483
    
    
      661
      0.311946
    
    
      662
      0.327253
    
    
      663
      0.265482
    
    
      664
      0.409505
    
    
      665
      0.397411
    
    
      666
      0.324303
    
    
      667
      0.284944
    
    
      668
      0.378034
    
    
      669
      0.280590
    
    
      670
      0.309821
    
    
      671
      0.288195
    
    
      672
      0.314472
    
    
      673
      0.274957
    
    
      674
      0.270024
    
    
      675
      0.373043
    
    
      676
      0.252573
    
    
      677
      0.283061
    
    
      678
      0.364077
    
    
      679
      0.421042
    
    
      680
      0.372921
    
    
      681
      0.294031
    
    
      682
      0.321753
    
    
      683
      0.336283
    
    
      684
      0.258613
    
    
      685
      0.263985
    
    
      686
      0.247288
    
    
      687
      0.346760
    
    
      688
      0.296997
    
    
      689
      0.293993
    
    
      690
      0.340174
    
    
      691
      0.301898
    
    
      692
      0.327586
    
    
      693
      0.322383
    
    
      694
      0.279088
    
    
      695
      0.244087
    
    
      696
      0.308693
    
    
      697
      0.238258
    
    
      698
      0.332062
    
    
      699
      0.370687
    
    
      700
      0.398218
    
    
      701
      0.396310
    
    
      702
      0.301324
    
    
      703
      0.266078
    
    
      704
      0.246887
    
    
      705
      0.254685
    
    
      706
      0.269082
    
    
      707
      0.235353
    
    
      708
      0.346736
    
    
      709
      0.337258
    
    
      710
      0.280339
    
    
      711
      0.295947
    
    
      712
      0.304776
    
    
      713
      0.352014
    
    
      714
      0.272081
    
    
      715
      0.311274
    
    
      716
      0.305517
    
    
      717
      0.248848
    
    
      718
      0.241764
    
    
      719
      0.259420
    
    
      720
      0.296369
    
    
      721
      0.296550
    
    
      722
      0.364529
    
    
      723
      0.283026
    
    
      724
      0.201323
    
    
      725
      0.308422
    
    
      726
      0.238145
    
    
      727
      0.400125
    
    
      728
      0.333836
    
    
      729
      0.369956
    
    
      730
      0.255324
    
    
      731
      0.359039
    
    
      732
      0.340789
    
    
      733
      0.325016
    
    
      734
      0.265292
    
    
      735
      0.219369
    
    
      736
      0.488190
    
    
      737
      0.280217
    
    
      738
      0.451594
    
    
      739
      0.304214
    
    
      740
      0.306893
    
    
      741
      0.238543
    
    
      742
      0.336353
    
    
      743
      0.304519
    
    
      744
      0.278274
    
    
      745
      0.273117
    
    
      746
      0.254723
    
    
      747
      0.384608
    
    
      748
      0.312140
    
    
      749
      0.284791
    
    
      750
      0.333615
    
    
      751
      0.393757
    
    
      752
      0.430244
    
    
      753
      0.335993
    
    
      754
      0.380608
    
    
      755
      0.347080
    
    
      756
      0.365061
    
    
      757
      0.252712
    
    
      758
      0.405510
    
    
      759
      0.259506
    
    
      760
      0.275890
    
    
      761
      0.358873
    
    
      762
      0.205215
    
    
      763
      0.336152
    
    
      764
      0.309147
    
    
      765
      0.335715
    
    
      766
      0.274121
    
    
      767
      0.318808
    
    
      768
      0.252127
    
    
      769
      0.359767
    
    
      770
      0.275262
    
    
      771
      0.419453
    
    
      772
      0.460721
    
    
      773
      0.357260
    
    
      774
      0.260550
    
    
      775
      0.304012
    
    
      776
      0.238380
    
    
      777
      0.348928
    
    
      778
      0.364952
    
    
      779
      0.274313
    
    
      780
      0.309230
    
    
      781
      0.273943
    
    
      782
      0.260550
    
    
      783
      0.297783
    
    
      784
      0.279093
    
    
      785
      0.329707
    
    
      786
      0.237268
    
    
      787
      0.280074
    
    
      788
      0.272967
    
    
      789
      0.299630
    
    
      790
      0.280811
    
    
      791
      0.272044
    
    
      792
      0.401080
    
    
      793
      0.196932
    
    
      794
      0.362481
    
    
      795
      0.429567
    
    
      796
      0.286005
    
    
      797
      0.292603
    
    
      798
      0.228558
    
    
      799
      0.224972
    
    
      800
      0.307782
    
    
      801
      0.213559
    
    
      802
      0.280788
    
    
      803
      0.324982
    
    
      804
      0.289674
    
    
      805
      0.309726
    
    
      806
      0.318022
    
    
      807
      0.246379
    
    
      808
      0.272422
    
    
      809
      0.227353
    
    
      810
      0.261220
    
    
      811
      0.338816
    
    
      812
      0.272839
    
    
      813
      0.323746
    
    
      814
      0.219215
    
    
      815
      0.313319
    
    
      816
      0.367097
    
    
      817
      0.239695
    
    
      818
      0.371216
    
    
      819
      0.348099
    
    
      820
      0.307826
    
    
      821
      0.321134
    
    
      822
      0.279903
    
    
      823
      0.250159
    
    
      824
      0.354887
    
    
      825
      0.284693
    
    
      826
      0.289169
    
    
      827
      0.290846
    
    
      828
      0.272304
    
    
      829
      0.273912
    
    
      830
      0.329043
    
    
      831
      0.303075
    
    
      832
      0.397924
    
    
      833
      0.299611
    
    
      834
      0.277188
    
    
      835
      0.312094
    
    
      836
      0.358560
    
    
      837
      0.286751
    
    
      838
      0.300629
    
    
      839
      0.264493
    
    
      840
      0.219752
    
    
      841
      0.376939
    
    
      842
      0.288954
    
    
      843
      0.225416
    
    
      844
      0.268592
    
    
      845
      0.284772
    
    
      846
      0.275876
    
    
      847
      0.309673
    
    
      848
      0.435264
    
    
      849
      0.290558
    
    
      850
      0.259485
    
    
      851
      0.357364
    
    
      852
      0.328568
    
    
      853
      0.339712
    
    
      854
      0.288106
    
    
      855
      0.398195
    
    
      856
      0.314929
    
    
      857
      0.352028
    
    
      858
      0.276702
    
    
      859
      0.293946
    
    
      860
      0.256265
    
    
      861
      0.370931
    
    
      862
      0.261040
    
    
      863
      0.201466
    
    
      864
      0.317245
    
    
      865
      0.314905
    
    
      866
      0.169523
    
    
      867
      0.262871
    
    
      868
      0.308445
    
    
      869
      0.259294
    
    
      870
      0.258747
    
    
      871
      0.286896
    
    
      872
      0.274987
    
    
      873
      0.310984
    
    
      874
      0.299332
    
    
      875
      0.377791
    
    
      876
      0.322171
    
    
      877
      0.335773
    
    
      878
      0.326620
    
    
      879
      0.293397
    
    
      880
      0.485656
    
    
      881
      0.354404
    
    
      882
      0.297272
    
    
      883
      0.508368
    
    
      884
      0.465035
    
    
      885
      0.277939
    
    
      886
      0.355569
    
    
      887
      0.210645
    
    
      888
      0.242804
    
    
      889
      0.351682
    
    
      890
      0.415718
    
    
      891
      0.313981
    
    
      892
      0.378063
    
    
      893
      0.265243
    
    
      894
      0.304463
    
    
      895
      0.305012
    
    
      896
      0.308105
    
    
      897
      0.279020
    
    
      898
      0.286127
    
    
      899
      0.313488
    
    
      900
      0.273074
    
    
      901
      0.269989
    
    
      902
      0.396296
    
    
      903
      0.325597
    
    
      904
      0.209800
    
    
      905
      0.272216
    
    
      906
      0.323478
    
    
      907
      0.364646
    
    
      908
      0.230249
    
    
      909
      0.288412
    
    
      910
      0.269425
    
    
      911
      0.292625
    
    
      912
      0.307540
    
    
      913
      0.302150
    
    
      914
      0.231011
    
    
      915
      0.243961
    
    
      916
      0.272237
    
    
      917
      0.192311
    
    
      918
      0.292090
    
    
      919
      0.265434
    
    
      920
      0.359226
    
    
      921
      0.336078
    
    
      922
      0.280081
    
    
      923
      0.283217
    
    
      924
      0.382639
    
    
      925
      0.309384
    
    
      926
      0.443731
    
    
      927
      0.312910
    
    
      928
      0.328894
    
    
      929
      0.314576
    
    
      930
      0.308145
    
    
      931
      0.231508
    
    
      932
      0.247093
    
    
      933
      0.299211
    
    
      934
      0.435268
    
    
      935
      0.304070
    
    
      936
      0.341728
    
    
      937
      0.262392
    
    
      938
      0.290370
    
    
      939
      0.371895
    
    
      940
      0.356502
    
    
      941
      0.273546
    
    
      942
      0.262675
    
    
      943
      0.268088
    
    
      944
      0.351084
    
    
      945
      0.211056
    
    
      946
      0.268727
    
    
      947
      0.322970
    
    
      948
      0.220506
    
    
      949
      0.266230
    
    
      950
      0.295351
    
    
      951
      0.203080
    
    
      952
      0.357177
    
    
      953
      0.381837
    
    
      954
      0.293776
    
    
      955
      0.298751
    
    
      956
      0.248026
    
    
      957
      0.370707
    
    
      958
      0.304463
    
    
      959
      0.264427
    
    
      960
      0.229679
    
    
      961
      0.286583
    
    
      962
      0.218601
    
    
      963
      0.397590
    
    
      964
      0.320534
    
    
      965
      0.373610
    
    
      966
      0.230743
    
    
      967
      0.251677
    
    
      968
      0.261595
    
    
      969
      0.329631
    
    
      970
      0.333059
    
    
      971
      0.304395
    
    
      972
      0.314525
    
    
      973
      0.242461
    
    
      974
      0.261100
    
    
      975
      0.287864
    
    
      976
      0.299387
    
    
      977
      0.341445
    
    
      978
      0.303961
    
    
      979
      0.347268
    
    
      980
      0.327813
    
    
      981
      0.328785
    
    
      982
      0.387858
    
    
      983
      0.326725
    
    
      984
      0.296004
    
    
      985
      0.275524
    
    
      986
      0.341174
    
    
      987
      0.267785
    
    
      988
      0.275285
    
    
      989
      0.396396
    
    
      990
      0.299432
    
    
      991
      0.405261
    
    
      992
      0.492845
    
    
      993
      0.266480
    
    
      994
      0.241763
    
    
      995
      0.372076
    
    
      996
      0.362272
    
    
      997
      0.272247
    
    
      998
      0.338247
    
    
      999
      0.360804
    
    
      1000
      0.456281
    
    
      1001
      0.262667
    
    
      1002
      0.372687
    
    
      1003
      0.244552
    
    
      1004
      0.279778
    
    
      1005
      0.254821
    
    
      1006
      0.343589
    
    
      1007
      0.281241
    
    
      1008
      0.271352
    
    
      1009
      0.334161
    
    
      1010
      0.222358
    
    
      1011
      0.327313
    
    
      1012
      0.273493
    
    
      1013
      0.333617
    
    
      1014
      0.209763
    
    
      1015
      0.246734
    
    
      1016
      0.286072
    
    
      1017
      0.335271
    
    
      1018
      0.372575
    
    
      1019
      0.348931
    
    
      1020
      0.232975
    
    
      1021
      0.280516
    
    
      1022
      0.376849
    
    
      1023
      0.264138
    
    
      1024
      0.318012
    
    
      1025
      0.320126
    
    
      1026
      0.225879
    
    
      1027
      0.366425
    
    
      1028
      0.271550
    
    
      1029
      0.419627
    
    
      1030
      0.350284
    
    
      1031
      0.284644
    
    
      1032
      0.283844
    
    
      1033
      0.349879
    
    
      1034
      0.322076
    
    
      1035
      0.233219
    
    
      1036
      0.220502
    
    
      1037
      0.445293
    
    
      1038
      0.266933
    
    
      1039
      0.202529
    
    
      1040
      0.468104
    
    
      1041
      0.298051
    
    
      1042
      0.215276
    
    
      1043
      0.241402
    
    
      1044
      0.374734
    
    
      1045
      0.264987
    
    
      1046
      0.322896
    
    
      1047
      0.337317